    2   66    6
 195.080  16.000
   65    1  0.0150  0.0000  0.0000
  0.000000   0.000000   0.000000
  0.000000   0.000000   0.000000
  0.000000   0.000000   0.000000
  0.000000   0.000000   0.000000
  0.000000   0.000000   0.000000
  0.000000   0.000000   0.000000
  0.000000   0.000000   0.000000
  0.000000   0.000000   0.000000
  0.000000   0.000000   0.000000
  0.000000   0.000000   0.000000
  0.000000   0.000000   0.000000
  0.000000   0.000000   0.000000
  0.000000   0.000000   0.000000
  0.000000   0.000000   0.000000
  0.000000   0.000000   0.000000
  0.000000   0.000000   0.000000
  0.000000   0.000000   0.000000
  0.000000   0.000000   0.000000
  0.000000   0.000000   0.000000
  0.000000   0.000000   0.000000
  0.000000   0.000000   0.000000
  0.000000   0.000000   0.000000
  0.000000   0.000000   0.000000
  0.000000   0.000000   0.000000
  0.000000   0.000000   0.000000
  0.000000   0.000000   0.000000
  0.000000   0.000000   0.000000
  0.000000   0.000000   0.000000
  0.000000   0.000000   0.000000
  0.000000   0.000000   0.000000
  0.000000   0.000000   0.000000
  0.000000   0.000000   0.000000
  0.000000   0.000000   0.000000
  0.000000   0.000000   0.000000
  0.000000   0.000000   0.000000
  0.000000   0.000000   0.000000
  0.000000   0.000000   0.000000
  0.000000   0.000000   0.000000
  0.000000   0.000000   0.000000
  0.000000   0.000000   0.000000
  0.000000   0.000000   0.000000
  0.000000   0.000000   0.000000
  0.000000   0.000000   0.000000
  0.000000   0.000000   0.000000
  0.000000   0.000000   0.000000
  0.000000   0.000000   0.000000
  0.000000   0.000000   0.000000
  0.000000   0.000000   0.000000
  0.000000   0.000000   0.000000
  0.000000   0.000000   0.000000
  0.000000   0.000000   0.000000
  0.000000   0.000000   0.000000
  0.000000   0.000000   0.000000
  0.000000   0.000000   0.000000
  0.000000   0.000000   0.000000
  0.000000   0.000000   0.000000
  0.000000   0.000000   0.000000
  0.000000   0.000000   0.000000
  0.000000   0.000000   0.000000
  0.000000   0.000000   0.000000
  0.000000   0.000000   0.000000
  0.000000   0.000000   0.000000
  0.000000   0.000000   0.000000
  0.000000   0.000000   0.000000
 -0.009436   0.010499   0.008649
 -0.010045  -0.022438  -0.022666
   65    2  0.0000  0.0150  0.0000
  0.000000   0.000000   0.000000
  0.000000   0.000000   0.000000
  0.000000   0.000000   0.000000
  0.000000   0.000000   0.000000
  0.000000   0.000000   0.000000
  0.000000   0.000000   0.000000
  0.000000   0.000000   0.000000
  0.000000   0.000000   0.000000
  0.000000   0.000000   0.000000
  0.000000   0.000000   0.000000
  0.000000   0.000000   0.000000
  0.000000   0.000000   0.000000
  0.000000   0.000000   0.000000
  0.000000   0.000000   0.000000
  0.000000   0.000000   0.000000
  0.000000   0.000000   0.000000
  0.000000   0.000000   0.000000
  0.000000   0.000000   0.000000
  0.000000   0.000000   0.000000
  0.000000   0.000000   0.000000
  0.000000   0.000000   0.000000
  0.000000   0.000000   0.000000
  0.000000   0.000000   0.000000
  0.000000   0.000000   0.000000
  0.000000   0.000000   0.000000
  0.000000   0.000000   0.000000
  0.000000   0.000000   0.000000
  0.000000   0.000000   0.000000
  0.000000   0.000000   0.000000
  0.000000   0.000000   0.000000
  0.000000   0.000000   0.000000
  0.000000   0.000000   0.000000
  0.000000   0.000000   0.000000
  0.000000   0.000000   0.000000
  0.000000   0.000000   0.000000
  0.000000   0.000000   0.000000
  0.000000   0.000000   0.000000
  0.000000   0.000000   0.000000
  0.000000   0.000000   0.000000
  0.000000   0.000000   0.000000
  0.000000   0.000000   0.000000
  0.000000   0.000000   0.000000
  0.000000   0.000000   0.000000
  0.000000   0.000000   0.000000
  0.000000   0.000000   0.000000
  0.000000   0.000000   0.000000
  0.000000   0.000000   0.000000
  0.000000   0.000000   0.000000
  0.000000   0.000000   0.000000
  0.000000   0.000000   0.000000
  0.000000   0.000000   0.000000
  0.000000   0.000000   0.000000
  0.000000   0.000000   0.000000
  0.000000   0.000000   0.000000
  0.000000   0.000000   0.000000
  0.000000   0.000000   0.000000
  0.000000   0.000000   0.000000
  0.000000   0.000000   0.000000
  0.000000   0.000000   0.000000
  0.000000   0.000000   0.000000
  0.000000   0.000000   0.000000
  0.000000   0.000000   0.000000
  0.000000   0.000000   0.000000
  0.000000   0.000000   0.000000
  0.012292  -0.003121   0.010518
 -0.026558  -0.047800  -0.040127
   65    3  0.0000  0.0000  0.0150
  0.000000   0.000000   0.000000
  0.000000   0.000000   0.000000
  0.000000   0.000000   0.000000
  0.000000   0.000000   0.000000
  0.000000   0.000000   0.000000
  0.000000   0.000000   0.000000
  0.000000   0.000000   0.000000
  0.000000   0.000000   0.000000
  0.000000   0.000000   0.000000
  0.000000   0.000000   0.000000
  0.000000   0.000000   0.000000
  0.000000   0.000000   0.000000
  0.000000   0.000000   0.000000
  0.000000   0.000000   0.000000
  0.000000   0.000000   0.000000
  0.000000   0.000000   0.000000
  0.000000   0.000000   0.000000
  0.000000   0.000000   0.000000
  0.000000   0.000000   0.000000
  0.000000   0.000000   0.000000
  0.000000   0.000000   0.000000
  0.000000   0.000000   0.000000
  0.000000   0.000000   0.000000
  0.000000   0.000000   0.000000
  0.000000   0.000000   0.000000
  0.000000   0.000000   0.000000
  0.000000   0.000000   0.000000
  0.000000   0.000000   0.000000
  0.000000   0.000000   0.000000
  0.000000   0.000000   0.000000
  0.000000   0.000000   0.000000
  0.000000   0.000000   0.000000
  0.000000   0.000000   0.000000
  0.000000   0.000000   0.000000
  0.000000   0.000000   0.000000
  0.000000   0.000000   0.000000
  0.000000   0.000000   0.000000
  0.000000   0.000000   0.000000
  0.000000   0.000000   0.000000
  0.000000   0.000000   0.000000
  0.000000   0.000000   0.000000
  0.000000   0.000000   0.000000
  0.000000   0.000000   0.000000
  0.000000   0.000000   0.000000
  0.000000   0.000000   0.000000
  0.000000   0.000000   0.000000
  0.000000   0.000000   0.000000
  0.000000   0.000000   0.000000
  0.000000   0.000000   0.000000
  0.000000   0.000000   0.000000
  0.000000   0.000000   0.000000
  0.000000   0.000000   0.000000
  0.000000   0.000000   0.000000
  0.000000   0.000000   0.000000
  0.000000   0.000000   0.000000
  0.000000   0.000000   0.000000
  0.000000   0.000000   0.000000
  0.000000   0.000000   0.000000
  0.000000   0.000000   0.000000
  0.000000   0.000000   0.000000
  0.000000   0.000000   0.000000
  0.000000   0.000000   0.000000
  0.000000   0.000000   0.000000
  0.000000   0.000000   0.000000
  0.007539   0.010530  -0.287266
  0.018299   0.037104   0.021237
   66    1  0.0150  0.0000  0.0000
  0.000000   0.000000   0.000000
  0.000000   0.000000   0.000000
  0.000000   0.000000   0.000000
  0.000000   0.000000   0.000000
  0.000000   0.000000   0.000000
  0.000000   0.000000   0.000000
  0.000000   0.000000   0.000000
  0.000000   0.000000   0.000000
  0.000000   0.000000   0.000000
  0.000000   0.000000   0.000000
  0.000000   0.000000   0.000000
  0.000000   0.000000   0.000000
  0.000000   0.000000   0.000000
  0.000000   0.000000   0.000000
  0.000000   0.000000   0.000000
  0.000000   0.000000   0.000000
  0.000000   0.000000   0.000000
  0.000000   0.000000   0.000000
  0.000000   0.000000   0.000000
  0.000000   0.000000   0.000000
  0.000000   0.000000   0.000000
  0.000000   0.000000   0.000000
  0.000000   0.000000   0.000000
  0.000000   0.000000   0.000000
  0.000000   0.000000   0.000000
  0.000000   0.000000   0.000000
  0.000000   0.000000   0.000000
  0.000000   0.000000   0.000000
  0.000000   0.000000   0.000000
  0.000000   0.000000   0.000000
  0.000000   0.000000   0.000000
  0.000000   0.000000   0.000000
  0.000000   0.000000   0.000000
  0.000000   0.000000   0.000000
  0.000000   0.000000   0.000000
  0.000000   0.000000   0.000000
  0.000000   0.000000   0.000000
  0.000000   0.000000   0.000000
  0.000000   0.000000   0.000000
  0.000000   0.000000   0.000000
  0.000000   0.000000   0.000000
  0.000000   0.000000   0.000000
  0.000000   0.000000   0.000000
  0.000000   0.000000   0.000000
  0.000000   0.000000   0.000000
  0.000000   0.000000   0.000000
  0.000000   0.000000   0.000000
  0.000000   0.000000   0.000000
  0.000000   0.000000   0.000000
  0.000000   0.000000   0.000000
  0.000000   0.000000   0.000000
  0.000000   0.000000   0.000000
  0.000000   0.000000   0.000000
  0.000000   0.000000   0.000000
  0.000000   0.000000   0.000000
  0.000000   0.000000   0.000000
  0.000000   0.000000   0.000000
  0.000000   0.000000   0.000000
  0.000000   0.000000   0.000000
  0.000000   0.000000   0.000000
  0.000000   0.000000   0.000000
  0.000000   0.000000   0.000000
  0.000000   0.000000   0.000000
  0.000000   0.000000   0.000000
 -0.009728  -0.026115   0.017562
 -0.054088   0.024469   0.044039
   66    2  0.0000  0.0150  0.0000
  0.000000   0.000000   0.000000
  0.000000   0.000000   0.000000
  0.000000   0.000000   0.000000
  0.000000   0.000000   0.000000
  0.000000   0.000000   0.000000
  0.000000   0.000000   0.000000
  0.000000   0.000000   0.000000
  0.000000   0.000000   0.000000
  0.000000   0.000000   0.000000
  0.000000   0.000000   0.000000
  0.000000   0.000000   0.000000
  0.000000   0.000000   0.000000
  0.000000   0.000000   0.000000
  0.000000   0.000000   0.000000
  0.000000   0.000000   0.000000
  0.000000   0.000000   0.000000
  0.000000   0.000000   0.000000
  0.000000   0.000000   0.000000
  0.000000   0.000000   0.000000
  0.000000   0.000000   0.000000
  0.000000   0.000000   0.000000
  0.000000   0.000000   0.000000
  0.000000   0.000000   0.000000
  0.000000   0.000000   0.000000
  0.000000   0.000000   0.000000
  0.000000   0.000000   0.000000
  0.000000   0.000000   0.000000
  0.000000   0.000000   0.000000
  0.000000   0.000000   0.000000
  0.000000   0.000000   0.000000
  0.000000   0.000000   0.000000
  0.000000   0.000000   0.000000
  0.000000   0.000000   0.000000
  0.000000   0.000000   0.000000
  0.000000   0.000000   0.000000
  0.000000   0.000000   0.000000
  0.000000   0.000000   0.000000
  0.000000   0.000000   0.000000
  0.000000   0.000000   0.000000
  0.000000   0.000000   0.000000
  0.000000   0.000000   0.000000
  0.000000   0.000000   0.000000
  0.000000   0.000000   0.000000
  0.000000   0.000000   0.000000
  0.000000   0.000000   0.000000
  0.000000   0.000000   0.000000
  0.000000   0.000000   0.000000
  0.000000   0.000000   0.000000
  0.000000   0.000000   0.000000
  0.000000   0.000000   0.000000
  0.000000   0.000000   0.000000
  0.000000   0.000000   0.000000
  0.000000   0.000000   0.000000
  0.000000   0.000000   0.000000
  0.000000   0.000000   0.000000
  0.000000   0.000000   0.000000
  0.000000   0.000000   0.000000
  0.000000   0.000000   0.000000
  0.000000   0.000000   0.000000
  0.000000   0.000000   0.000000
  0.000000   0.000000   0.000000
  0.000000   0.000000   0.000000
  0.000000   0.000000   0.000000
  0.000000   0.000000   0.000000
 -0.022418  -0.047917   0.036915
  0.026182  -0.012642   0.046350
   66    3  0.0000  0.0000  0.0150
  0.000000   0.000000   0.000000
  0.000000   0.000000   0.000000
  0.000000   0.000000   0.000000
  0.000000   0.000000   0.000000
  0.000000   0.000000   0.000000
  0.000000   0.000000   0.000000
  0.000000   0.000000   0.000000
  0.000000   0.000000   0.000000
  0.000000   0.000000   0.000000
  0.000000   0.000000   0.000000
  0.000000   0.000000   0.000000
  0.000000   0.000000   0.000000
  0.000000   0.000000   0.000000
  0.000000   0.000000   0.000000
  0.000000   0.000000   0.000000
  0.000000   0.000000   0.000000
  0.000000   0.000000   0.000000
  0.000000   0.000000   0.000000
  0.000000   0.000000   0.000000
  0.000000   0.000000   0.000000
  0.000000   0.000000   0.000000
  0.000000   0.000000   0.000000
  0.000000   0.000000   0.000000
  0.000000   0.000000   0.000000
  0.000000   0.000000   0.000000
  0.000000   0.000000   0.000000
  0.000000   0.000000   0.000000
  0.000000   0.000000   0.000000
  0.000000   0.000000   0.000000
  0.000000   0.000000   0.000000
  0.000000   0.000000   0.000000
  0.000000   0.000000   0.000000
  0.000000   0.000000   0.000000
  0.000000   0.000000   0.000000
  0.000000   0.000000   0.000000
  0.000000   0.000000   0.000000
  0.000000   0.000000   0.000000
  0.000000   0.000000   0.000000
  0.000000   0.000000   0.000000
  0.000000   0.000000   0.000000
  0.000000   0.000000   0.000000
  0.000000   0.000000   0.000000
  0.000000   0.000000   0.000000
  0.000000   0.000000   0.000000
  0.000000   0.000000   0.000000
  0.000000   0.000000   0.000000
  0.000000   0.000000   0.000000
  0.000000   0.000000   0.000000
  0.000000   0.000000   0.000000
  0.000000   0.000000   0.000000
  0.000000   0.000000   0.000000
  0.000000   0.000000   0.000000
  0.000000   0.000000   0.000000
  0.000000   0.000000   0.000000
  0.000000   0.000000   0.000000
  0.000000   0.000000   0.000000
  0.000000   0.000000   0.000000
  0.000000   0.000000   0.000000
  0.000000   0.000000   0.000000
  0.000000   0.000000   0.000000
  0.000000   0.000000   0.000000
  0.000000   0.000000   0.000000
  0.000000   0.000000   0.000000
  0.000000   0.000000   0.000000
 -0.022258  -0.039183   0.020141
  0.043813   0.043972  -0.150098
